          63      121039  926012549211JAN200711JAN2007  1230058123 1220101300017   1             16.50        7.45 .                                            
           5    99999999  926011457015JAN200719JAN2007  1230080101 2230100500026   1            247.50      109.55 .                                            
          45    99999999  926010484720JAN200722JAN2007  1230106883 2240600100080   1             28.30        8.55 .                                            
          41      120174  160010152728JAN200728JAN2007  1230147441 1240600100010   2             32.00        6.50 .                                            
         183      120134  160010076027FEB200727FEB2007  1230315085 1240200200039   3             63.60        8.80 .                                            
          79    99999999  926010187402MAR200703MAR2007  1230333319 2240100400005   1            234.60      115.95 .                                            
          23    99999999  926012667903MAR200708MAR2007  1230338566 2240800200062   1             35.40       16.15 .                                            
          23    99999999  926012667903MAR200708MAR2007  1230338566 2240800200063   2             73.80       16.85 .                                            
          45    99999999  926010484709MAR200711MAR2007  1230371142 2240500100004   2            127.00       28.00 .                                            
          45    99999999  926010484709MAR200711MAR2007  1230371142 2240500200003   1             23.20       11.10 .                                            
          56      121059  926011187115MAR200715MAR2007  1230404278 1220200300002   2             75.00       17.05 .                                            
         183      120149  160010076022MAR200722MAR2007  1230440481 1230100600005   1            129.80       63.20 .                                            
          16    99999999  394010586524MAR200726MAR2007  1230450371 2230100600018   2            128.40       32.20 .                                            
          79    99999999  926010187424MAR200725MAR2007  1230453723 2240500200056   1             24.10       11.55 .                                            
         183      120134  160010076025MAR200725MAR2007  1230455630 1240200100233   2             91.80       22.45 .                                            
        2788    99999999  905010000128MAR200730MAR2007  1230478006 2230100100025   2             60.60       13.15 .                                            
          20      121066  926011893401APR200701APR2007  1230498538 1230100300006   1             68.50       34.35 .                                            
       70046    99999999  260010001702APR200703APR2007  1230500669 3240200100131   2            148.60       41.35 .                                            
       12386    99999999  475010000102APR200703APR2007  1230503155 2220101400310   1             31.80       14.20 .                                            
          23    99999999  926012667918APR200723APR2007  1230591673 2220200200024   3            178.50       32.25 .                                            
          36    99999999  926012823718APR200720APR2007  1230591675 3240500100039   1             34.50       15.40 .                                            
          79      121045  926010187418APR200718APR2007  1230591684 1240200100076   4           1796.00      246.55 .                                            
          61    99999999  394010888724APR200729APR2007  1230619748 2220200100092   1             83.00       41.60 .                                            
          61    99999999  394010888724APR200729APR2007  1230619748 2220200300005   3            345.00       52.35 .                                            
          13    99999999  394010518928APR200703MAY2007  1230642273 2230100500082   1            126.10       58.60 .                                            
         171    99999999  160010155501MAY200704MAY2007  1230657844 3240100100646   1            109.90       46.80 .                                            
       11171    99999999  260010003207MAY200709MAY2007  1230690733 3240200100043   2            282.40       69.40 .                                            
       14703    99999999  475010000208MAY200711MAY2007  1230699509 2220100100044   1            102.10       48.65 .                                            
       14703    99999999  475010000208MAY200711MAY2007  1230699509 2220100400005   1             81.30       40.75 .                                            
          79    99999999  926010187408MAY200709MAY2007  1230700421 2230100100006   1            176.00       74.55 .                                            
          79    99999999  926010187408MAY200709MAY2007  1230700421 2230100500045   2              2.60        0.60 .                                            
          79    99999999  926010187408MAY200709MAY2007  1230700421 2230100500068   2              3.40        0.80 .                                            
         928    99999999  905010001615MAY200719MAY2007  1230738723 2230100600026   2            237.20       59.40 .                                            
       19444    99999999  475010000116MAY200721MAY2007  1230744524 2220100700024   1             99.70       47.45 .                                            
       19444    99999999  475010000116MAY200721MAY2007  1230744524 2220101000002   1             17.70        8.00 .                                            
          71      121060  926012413016MAY200716MAY2007  1230745294 1220200100179   1            134.50       67.35 .                                            
          12      121039  926010371318MAY200718MAY2007  1230754828 1220100100272   3             68.40       11.50 .                                            
          12      121039  926010371318MAY200718MAY2007  1230754828 1220101400269   4            268.00       29.80 .                                            
         544    99999999  905010000821MAY200722MAY2007  1230771337 2230100500012   3            221.70       33.25 .                                            
         111      120148  160010207223MAY200723MAY2007  1230778996 1230100500096   1             35.50       17.25 .                                            
          88    99999999  926010017925MAY200728MAY2007  1230793366 2240400200097   3           1250.40      124.20 .                                            
          23    99999999  926012667927MAY200701JUN2007  1230804171 2240500200073   3            148.50       20.65 .                                            
          71      121064  926012413031MAY200731MAY2007  1230825762 1230100500093   2            265.60       55.85 .                                            
          23    99999999  926012667903JUN200708JUN2007  1230841456 2240700400024   2            127.20       33.15 .                                            
          75      121094  926010806803JUN200703JUN2007  1230841466 1240500100062   2            109.20       23.85 .                                            
          75      121094  926010806803JUN200703JUN2007  1230841466 1240500200130   2             56.00       11.70 .                                            
          56      121043  926011187111JUN200711JUN2007  1230885738 1220101300017   2             33.00        7.45 .                                            
          56      121043  926011187111JUN200711JUN2007  1230885738 1220101400098   3             97.20       14.85 .                                            
          18      121086  926011236116JUN200716JUN2007  1230912536 1240500200121   2             50.80       12.10 .                                            
       17023    99999999  260010002120JUN200725JUN2007  1230931366 3240200200007   2            166.80        8.35 .                                            
       17023    99999999  260010002120JUN200725JUN2007  1230931366 3240200200061   2            261.80       52.45 .                                            
         171    99999999  160010155503JUL200706JUL2007  1231002241 3220101200029   1             52.30       22.65 .                                            
       70108    99999999  260010004604JUL200705JUL2007  1231008713 2240200200039   2             42.40        8.80 .                                            
        2806    99999999  801010008904JUL200708JUL2007  1231014780 2240100400043   4           1064.00      131.50 .                                            
         215      120145  160010272107JUL200707JUL2007  1231023774 1230100500024   1             22.90       10.85 .                                            
         215      120145  160010272107JUL200707JUL2007  1231023774 1230100600015   1             78.20       39.20 .                                            
          13    99999999  394010518909JUL200714JUL2007  1231035308 2230100600023   2            146.80       36.80 .                                            
          36    99999999  926012823715JUL200717JUL2007  1231071449 3240400200057   2            257.00       58.05 .                                            
          36    99999999  926012823715JUL200717JUL2007  1231071449 3240400200066   2             27.60        6.30 .                                            
          12      121064  926010371316JUL200716JUL2007  1231077006 1230100500095   2            193.80       40.00 .                                            
          61    99999999  394010888720JUL200725JUL2007  1231094514 2230100500074   4            544.00       51.30 .                                            
          61    99999999  394010888720JUL200725JUL2007  1231094514 2230100600005   2            259.60       63.20 .                                            
          79      121027  926010187427JUL200727JUL2007  1231135703 1210200900004   2             92.00       16.05 .                                            
          79      121027  926010187427JUL200727JUL2007  1231135703 1210201000050   2             39.00        8.95 .                                            
          31      121059  926012842802AUG200702AUG2007  1231169108 1220200300157   3            220.20       36.65 .                                            
         215      120164  160010272104AUG200704AUG2007  1231176288 1240500200100   2             45.40       10.85 .                                            
         111    99999999  160010207206AUG200708AUG2007  1231188317 2220100900029   1             30.80       12.35 .                                            
        3959    99999999  801010015106AUG200707AUG2007  1231194004 3240100100610   2            122.00       27.55 .                                            
        3959    99999999  801010015106AUG200707AUG2007  1231194004 3240100400143   2            330.00       82.60 .                                            
          71      120732  926012413008AUG200708AUG2007  1231204878 1230100600017   2            111.40       27.95 .                                            
         215      120134  160010272109AUG200709AUG2007  1231206746 1240200100232   1             28.20       14.20 .                                            
       70187    99999999  260010003513AUG200718AUG2007  1231227910 2240200200013   3           1266.00       42.20 .                                            
          20      121040  926011893413AUG200713AUG2007  1231231220 1220101400306   2            145.20       33.10 .                                            
          45      121045  926010484718AUG200718AUG2007  1231259703 1240200100051   3            420.90       72.00 .                                            
          52    99999999  926011623520AUG200726AUG2007  1231270767 3230100600022   2            168.20       42.15 .                                            
          12      121037  926010371324AUG200724AUG2007  1231292064 1220101400060   3             96.30       14.70 .                                            
          12      121037  926010371324AUG200724AUG2007  1231292064 1220101400117   2             91.20       20.85 .                                            
          16    99999999  394010586527AUG200704SEP2007  1231305521 2220200100035   2            125.20       31.40 .                                            
          16    99999999  394010586527AUG200729AUG2007  1231305531 2220200100090   2            177.20       44.40 .                                            
          20      121109  926011893428AUG200728AUG2007  1231314893 1240700200024   2             32.00        6.35 .                                            
        2806    99999999  801010008928AUG200701SEP2007  1231316727 2240100400076   2            224.60       68.60 .                                            
        2806    99999999  801010008928AUG200701SEP2007  1231316727 2240100400143   2            330.00       82.60 .                                            
          61    99999999  394010888729AUG200703SEP2007  1231317443 2230100700002   2            440.00      135.00 .                                            
          71      121057  926012413002SEP200702SEP2007  1231341359 1220200200018   2            132.80       30.25 .                                            
          36    99999999  926012823711SEP200713SEP2007  1231392762 3230100600023   2            146.80       36.80 .                                            
          36    99999999  926012823715SEP200717SEP2007  1231414059 3240800200008   1            150.25       60.10 .                                            
       70046    99999999  260010001723SEP200724SEP2007  1231453831 3240200100052   1             99.70       51.40 .                                            
       70046    99999999  260010001723SEP200724SEP2007  1231453831 3240200200015   1             24.00       10.55 .                                            
          52      121044  926011623525SEP200730SEP2007  1231468750 1220100100153   1             50.00       25.10 .                                            
       19444    99999999  475010000101OCT200706OCT2007  1231500373 2220101200006   1             52.20       20.95 .                                            
          88      121043  926010017901OCT200701OCT2007  1231501254 1220100700052   1            106.10       50.50 .                                            
          52    99999999  926011623505OCT200711OCT2007  1231522431 3240100100065   1             34.70       13.80 .                                            
       14703    99999999  475010000209OCT200712OCT2007  1231544990 2220101400385   1             24.80       12.35 .                                            
       70108    99999999  260010004622OCT200723OCT2007  1231614059 2220101200020   1             55.90       24.20 .                                            
          61    99999999  394010888723OCT200728OCT2007  1231619928 2230100600036   1            103.20       50.40 .                                            
          11    99999999  394010859229OCT200703NOV2007  1231653765 3230100200047   1             72.70       35.20 .                                            
          63      121061  926012549229OCT200702NOV2007  1231657078 1220200300116   1             84.20       38.35 .                                            
           5      121025  926011457030OCT200730OCT2007  1231663230 1240100100433   1              3.00        1.15 .                                            
         544    99999999  905010000812NOV200713NOV2007  1231734609 2230100500091   1            191.00       80.45 .                                            
        1033    99999999  905010000112NOV200716NOV2007  1231734615 3230100600005   1            129.80       63.20 .                                            
          17      121037  926012330616NOV200716NOV2007  1231757107 1220100100568   1             84.10       42.15 .                                            
       14703    99999999  475010000219NOV200722NOV2007  1231773634 2220101400018   2             45.60       10.45 .                                            
          71      121025  926012413020NOV200720NOV2007  1231780610 1240100400080   1            219.90      109.90 .                                            
           5    99999999  926011457001DEC200703DEC2007  1231842118 2240700300002   2             43.98        7.25 .                                            
          45      121060  926010484704DEC200704DEC2007  1231858937 1220200300079   2            128.60       28.65 .                                            
       70187    99999999  260010003505DEC200710DEC2007  1231861295 2240200100154   2             53.20       11.95 .                                            
          71      121043  926012413010DEC200710DEC2007  1231891098 1220101400091   2             65.60       15.00 .                                            
          88      120733  926010017911DEC200711DEC2007  1231896710 1230100500087   1             93.80       39.05 .                                            
         183      120127  160010076012DEC200712DEC2007  1231898348 1220101400289   4            240.80       27.40 .                                            
         215      120132  160010272114DEC200714DEC2007  1231908237 1240200100180   2            243.20       62.90 .                                            
          17      121020  926012330617DEC200717DEC2007  1231928627 1240100400070   1            175.90      127.95 .                                            
         111      120127  160010207218DEC200718DEC2007  1231930216 1220100300008   4            342.80       34.35 .                                            
         111      120127  160010207219DEC200719DEC2007  1231936241 1220101400017   2             22.20        5.00 .                                            
           5    99999999  926011457021DEC200723DEC2007  1231950921 2230100500093   2            265.60       55.85 .                                            
           5    99999999  926011457021DEC200723DEC2007  1231950921 2230100600030   1             86.30       41.40 .                                            
         111    99999999  160010207222DEC200724DEC2007  1231952752 2220100100298   2            105.80       26.55 .                                            
       70210    99999999  260010001522DEC200723DEC2007  1231953192 3240200100052   2            199.40       51.40 .                                            
           5      121037  926011457022DEC200722DEC2007  1231956902 1220101400276   2            136.80       31.20 .                                            
          19    99999999  394010654726DEC200730DEC2007  1231976710 3240300100020   4             56.40        6.05 .                                            
          19    99999999  394010654726DEC200730DEC2007  1231976710 3240300100032   2           1200.20      300.00 .                                            
         183      120158  160010076027DEC200727DEC2007  1231982684 1240400300033   3            107.10       14.35 .                                            
         195      120148  160010166328DEC200728DEC2007  1231986335 1230100500008   1             38.00       16.80 .                                            
       70046    99999999  260010001731DEC200701JAN2008  1232003930 3240200100124   2             49.00       12.35 .                                            
           5    99999999  926011457031DEC200704JAN2008  1232007693 2240100400044   1            353.60      174.75 .                                            
           5    99999999  926011457031DEC200704JAN2008  1232007693 2240100400049   1            421.20      212.95 .                                            
          45      121066  926010484731DEC200731DEC2007  1232007700 1230100100045   2            249.60       53.60 .                                            
          45      121066  926010484731DEC200731DEC2007  1232007700 1230100200019   2            398.20       95.65 .                                            
          45      121066  926010484731DEC200731DEC2007  1232007700 1230100500056   1              8.00        3.50 .                                            
          53      120143  160010325813JAN200813JAN2008  1232087464 1230100600022   4            336.40       42.15 .                                            
          49      121039  926010451013JAN200813JAN2008  1232092527 1220100200004   1              6.50        2.60 .                                            
          49      121039  926010451013JAN200813JAN2008  1232092527 1220100900006   1             88.40       35.45 .                                            
          49      121039  926010451013JAN200813JAN2008  1232092527 1220101400150   1             28.20       12.90 .                                            
          34      121040  926011137923JAN200823JAN2008  1232161564 1220100100197   1            101.30       50.75 .                                            
        2618    99999999  801010012525JAN200830JAN2008  1232173841 3240100100581   1             28.00       11.55 .                                            
        2618    99999999  801010012525JAN200830JAN2008  1232173841 3240100400147   1            248.30      122.75 .                                            
          89    99999999  926011655101FEB200804FEB2008  1232217725 2230100100062   2            283.40       61.00 .                                            
         195      120150  160010166305FEB200805FEB2008  1232240447 1230100200059   2             77.60       16.65 .                                            
       70046    99999999  260010001705FEB200806FEB2008  1232241009 3240200200039   1             22.20        9.20 .                                            
         171      120148  160010155515FEB200815FEB2008  1232307056 1230100500081   2            146.00       30.35 .                                            
          20      121039  926011893415FEB200815FEB2008  1232311932 1220100300025   2            206.00       42.40 .                                            
          23    99999999  926012667918FEB200822FEB2008  1232331499 2230100100051   2            369.80       78.15 .                                            
          13    99999999  394010518925FEB200828FEB2008  1232373481 2220200100229   1            165.50       82.85 .                                            
           4    99999999  926010651902MAR200803MAR2008  1232410925 3240800200030   1             47.70       18.80 .                                            
           4      121100  926010651909MAR200809MAR2008  1232455720 1240600100017   1             53.00       23.25 .                                            
       70201    99999999  260010001219MAR200824MAR2008  1232517885 3240200100226   1            183.90       86.65 .                                            
           4    99999999  926010651920MAR200821MAR2008  1232530384 3240700200019   1             16.90        8.60 .                                            
          49      121037  926010451020MAR200820MAR2008  1232530393 1220100100125   1             33.40       16.80 .                                            
          49      121037  926010451020MAR200820MAR2008  1232530393 1220100100513   1             63.90       32.05 .                                            
          49      121037  926010451020MAR200820MAR2008  1232530393 1220100300019   1             35.60       16.70 .                                            
          92      121068  926011767624MAR200824MAR2008  1232554759 1230100600022   1             84.10       42.15 .                                            
         195      120160  160010166330MAR200830MAR2008  1232590052 1240400300013   1             51.80       21.60 .                                            
         195      120160  160010166330MAR200830MAR2008  1232590052 1240400300035   1             19.10        7.70 .                                            
          89    99999999  926011655131MAR200803APR2008  1232601472 2230100500094   2            173.20       34.10 .                                            
       54655    99999999  260010001303APR200806APR2008  1232618023 2240200100183   1             95.70       47.95 .                                            
          49      121031  926010451007APR200815APR2008  1232648239 1210201000126   1              6.50        2.30 .                                            
           4    99999999  926010651908APR200809APR2008  1232654929 3240500100017   4            214.00       23.75 .                                            
           4    99999999  926010651908APR200809APR2008  1232654929 3240500100029   1             58.90       26.10 .                                            
       11171    99999999  260010003211APR200813APR2008  1232672914 3240200100101   2             38.80       10.20 .                                            
       11171    99999999  260010003211APR200813APR2008  1232672914 3240200200011   2            271.40       13.00 .                                            
           9    99999999  394010665915APR200820APR2008  1232698281 3230100600035   1             29.40       14.15 .                                            
           4      121041  926010651916APR200816APR2008  1232709099 1220101400145   1             16.70        7.75 .                                            
          34      121105  926011137916APR200816APR2008  1232709115 1240700100001   3             70.80       12.30 .                                            
          41    99999999  160010152719APR200823APR2008  1232723799 3210200600112   1             21.80        9.25 .                                            
           5    99999999  926011457019APR200823APR2008  1232728634 2240100100403   1            168.70       76.55 .                                            
         215      120151  160010272127APR200827APR2008  1232777080 1230100500012   1             73.90       33.25 .                                            
         215      120151  160010272127APR200827APR2008  1232777080 1230100600023   1             73.40       36.80 .                                            
         195      120143  160010166329APR200829APR2008  1232790793 1230100200074   1             50.10       24.50 .                                            
          45    99999999  926010484708MAY200812MAY2008  1232857157 2230100600030   2            172.60       41.40 .                                            
         908    99999999  905010002313MAY200817MAY2008  1232889267 2230100200054   3            407.40       61.80 .                                            
          34      121021  926011137914MAY200814MAY2008  1232897220 1240100400129   3            712.20      111.00 .                                            
         544    99999999  905010000820MAY200821MAY2008  1232936635 2230100600030   2            172.60       41.40 .                                            
         111    99999999  160010207222MAY200824MAY2008  1232946301 2220101400061   2            102.00       23.30 .                                            
          52    99999999  926011623523MAY200824MAY2008  1232956741 3230100500008   2             76.00       16.80 .                                            
         171      120145  160010155526MAY200826MAY2008  1232972274 1230100200054   1            135.80       61.80 .                                            
         171      120145  160010155526MAY200826MAY2008  1232972274 1230100500056   1              8.00        3.50 .                                            
         183      120122  160010076028MAY200828MAY2008  1232985693 1240100100186   1            273.00      122.80 .                                            
           4      121109  926010651929MAY200829MAY2008  1232998740 1240700100011   3             80.97       10.23 .                                            
          34      121025  926011137930MAY200830MAY2008  1233003688 1240100100535   1             28.60       12.95 .                                            
       14104    99999999  475010000106JUN200809JUN2008  1233049735 3220101400216   2             48.80       11.20 .                                            
         215      120148  160010272109JUN200809JUN2008  1233066745 1230100600022   1             84.10       42.15 .                                            
          49      121060  926010451010JUN200810JUN2008  1233078086 1220200200071   2            200.20       43.50 .                                            
          12      121054  926010371312JUN200812JUN2008  1233092596 1240300100048   1             15.50        6.70 .                                            
          45      121084  926010484718JUN200818JUN2008  1233131266 1240400300039   2             39.20        7.90 .                                            
         171      120121  160010155524JUN200824JUN2008  1233166411 1240100100734   1             10.10        4.15 .                                            
       70187    99999999  260010003524JUN200829JUN2008  1233167161 2240200100095   2            237.00       52.55 .                                            
          49      121109  926010451005JUL200805JUL2008  1233243603 1240700200004   2              8.40        2.20 .                                            
       19444    99999999  475010000106JUL200811JUL2008  1233248920 2220100700042   2            171.20       36.35 .                                            
       19444    99999999  475010000106JUL200811JUL2008  1233248920 2220101400387   3             37.80        5.85 .                                            
          75      121029  926010806809JUL200809JUL2008  1233270605 1210200600085   2             75.20       17.00 .                                            
       70059    99999999  260010004711JUL200815JUL2008  1233280857 3220100100609   3            173.70       29.05 .                                            
           5      121053  926011457016JUL200816JUL2008  1233315988 1240300200018   1             87.20       39.70 .                                            
           5      121053  926011457016JUL200816JUL2008  1233315988 1240300300071   1            138.00       60.10 .                                            
          13    99999999  394010518926JUL200829JUL2008  1233378724 2240300100046   1             14.10        6.90 .                                            
          34      121105  926011137910AUG200810AUG2008  1233482761 1240700200021   2             38.80       10.35 .                                            
        2550    99999999  801010000910AUG200815AUG2008  1233484749 3240100400098   2            503.60      125.85 .                                            
        2550    99999999  801010000910AUG200815AUG2008  1233484749 3240100400136   3            272.70       45.40 .                                            
       70201    99999999  260010001215AUG200820AUG2008  1233514453 3240200200060   3            553.50       73.85 .                                            
         215      120123  160010272118AUG200818AUG2008  1233531965 1240100400112   1            114.00       54.80 .                                            
           4    99999999  926010651919AUG200820AUG2008  1233543560 3240500200083   3            201.90       28.00 .                                            
          41      120134  160010152720AUG200820AUG2008  1233545775 1240200100007   2             49.40       11.80 .                                            
          41      120134  160010152720AUG200820AUG2008  1233545775 1240200100020   1            189.60      100.60 .                                            
         215      120150  160010272120AUG200820AUG2008  1233545781 1230100500020   1              6.20        2.85 .                                            
          89    99999999  926011655127AUG200830AUG2008  1233597637 2240700400002   2             67.20       14.65 .                                            
         215      120177  160010272131AUG200831AUG2008  1233618453 1240700400020   1             73.40       38.25 .                                            
           5    99999999  926011457009SEP200813SEP2008  1233682051 2240100100676   1             43.40       18.65 .                                            
          49      121053  926010451010SEP200810SEP2008  1233689304 1240300300070   3           1514.40      229.65 .                                            
         195      120148  160010166303OCT200803OCT2008  1233837302 1230100500026   4            990.00      109.55 .                                            
         195      120148  160010166303OCT200803OCT2008  1233837302 1230100600036   3            309.60       50.40 .                                            
         111    99999999  160010207212OCT200814OCT2008  1233895201 2220100100371   1             25.60       12.90 .                                            
         111    99999999  160010207212OCT200814OCT2008  1233895201 2220101400238   2            113.80       25.95 .                                            
         544    99999999  905010000814OCT200815OCT2008  1233913196 2230100400012   1             29.30       11.75 .                                            
          34      121030  926011137915OCT200815OCT2008  1233920786 1210200400020   1             38.00       19.10 .                                            
          34      121030  926011137915OCT200815OCT2008  1233920786 1210200400070   1             41.60       20.90 .                                            
          52      121135  926011623515OCT200815OCT2008  1233920795 1240800200010   1            120.40       48.10 .                                            
          52      121064  926011623515OCT200815OCT2008  1233920805 1230100500056   1              8.00        3.50 .                                            
       19873    99999999  475010000127OCT200803NOV2008  1233998114 2220100100101   1             59.70       29.95 .                                            
       19873    99999999  475010000127OCT200803NOV2008  1233998114 2220100400022   1             98.90       47.70 .                                            
          92      121039  926011767601NOV200801NOV2008  1234033037 1220100700022   1             53.70       22.75 .                                            
          75      121069  926010806810NOV200810NOV2008  1234092222 1230100500023   1              7.20        3.10 .                                            
         195      120123  160010166317NOV200817NOV2008  1234133789 1240100400046   1            328.30      165.95 .                                            
          53      120121  160010325825NOV200825NOV2008  1234186330 1240100400095   1            200.10       97.75 .                                            
          49      121035  926010451026NOV200826NOV2008  1234198497 1210200100017   1             39.00       17.35 .                                            
       54655    99999999  260010001302DEC200805DEC2008  1234235150 2240200200060   2            369.00       73.85 .                                            
          49      121042  926010451003DEC200803DEC2008  1234247283 1220100400023   2            187.20       40.75 .                                            
          17      121135  926012330604DEC200804DEC2008  1234255111 1240800100039   3            257.40       39.90 .                                            
          23    99999999  926012667908DEC200812DEC2008  1234279341 2230100500092   1            116.70       48.60 .                                            
          92      121109  926011767611DEC200811DEC2008  1234301319 1240700200010   4            105.60       10.10 .                                            
       70210    99999999  260010001515DEC200816DEC2008  1234323012 3240200100098   2             29.20        6.75 .                                            
       70210    99999999  260010001515DEC200816DEC2008  1234323012 3240200100101   2             39.00       10.30 .                                            
       70210    99999999  260010001515DEC200816DEC2008  1234323012 3240200200035   2            196.00       39.30 .                                            
           4      121069  926010651918DEC200818DEC2008  1234348668 1230100100053   2             92.60       20.90 .                                            
          17      121071  926012330620DEC200820DEC2008  1234360543 1230100100033   2            110.20       25.40 .                                            
          12      121069  926010371322DEC200822DEC2008  1234373539 1230100100013   2            226.20       58.90 .                                            
         111      120123  160010207229DEC200829DEC2008  1234414529 1240100100654   2             90.40       18.15 .                                            
         111      120123  160010207229DEC200829DEC2008  1234414529 1240100400136   2            181.80       45.40 .                                            
          17      121109  926012330629DEC200829DEC2008  1234419240 1240700100013   5            119.95        9.75 .                                            
         195      120150  160010166302JAN200902JAN2009  1234437760 1230100600028   2            193.40       48.45 .                                            
          36    99999999  926012823711JAN200914JAN2009  1234534069 3240800100026   4            525.20       58.55 .                                            
         183      120121  160010076012JAN200912JAN2009  1234537441 1240100200001   1             16.00        6.35 .                                            
          16    99999999  394010586512JAN200914JAN2009  1234538390 2220200300015   1            115.00       52.40 .                                            
          16    99999999  394010586517JAN200919JAN2009  1234588648 2230100500101   1            138.70       62.50 .                                            
          16    99999999  394010586517JAN200919JAN2009  1234588648 2230100600024   1             76.10       38.15 .                                            
          16    99999999  394010586524JAN200926JAN2009  1234659163 2230100700008   1            504.20      245.80 .                                            
          63    99999999  926012549224JAN200925JAN2009  1234665265 2240100100063   2             48.40        9.75 .                                            
         171    99999999  160010155529JAN200902FEB2009  1234709803 3220100100304   2            122.60       30.75 .                                            
         183      120179  160010076031JAN200931JAN2009  1234727966 1240700400004   1             13.20        5.95 .                                            
       70221    99999999  260010001916FEB200918FEB2009  1234891576 3240200100226   1            183.90       86.65 .                                            
          18      121021  926011236116FEB200916FEB2009  1234897732 1240100100672   1            197.90       84.90 .                                            
          24    99999999  926011578422FEB200927FEB2009  1234958242 2230100500016   1             11.90        5.40 .                                            
          16    99999999  394010586524FEB200926FEB2009  1234972570 2230100200048   1             68.70       34.45 .                                            
       11171    99999999  260010003215MAR200917MAR2009  1235176942 3240200100021   1              2.70        1.20 .                                            
       11171    99999999  260010003215MAR200917MAR2009  1235176942 3240200100246   1             16.20        7.90 .                                            
         215      120160  160010272121MAR200921MAR2009  1235236723 1240400200094   1            254.20      115.60 .                                            
          89      121043  926011655124MAR200924MAR2009  1235275513 1220100100241   1             29.70       14.95 .                                            
         111      120122  160010207228MAR200928MAR2009  1235306679 1240100200014   1             55.40       22.80 .                                            
          63      121109  926012549204APR200904APR2009  1235384426 1240700100012   1             21.99        9.10 .                                            
          16    99999999  394010586525APR200927APR2009  1235591214 2240400200022   1             93.40       38.95 .                                            
          16    99999999  394010586525APR200927APR2009  1235591214 2240400200036   1             55.50       25.10 .                                            
          16    99999999  394010586527APR200929APR2009  1235611754 2240400300033   2             71.40       14.35 .                                            
          16    99999999  394010586527APR200929APR2009  1235611754 2240400300035   2             38.20        7.70 .                                            
          16    99999999  394010586510MAY200912MAY2009  1235744141 2230100500081   2            146.00       30.35 .                                            
          16    99999999  394010586510MAY200912MAY2009  1235744141 2230100700009   3           1687.50      287.10 .                                            
          24    99999999  926011578418MAY200924MAY2009  1235830338 2220200100202   1             92.00       46.10 .                                            
          24    99999999  926011578418MAY200924MAY2009  1235830338 2220200200073   1            145.90       66.35 .                                            
         171      120127  160010155521MAY200921MAY2009  1235856852 1220100100019   1             27.70       13.95 .                                            
         171      120127  160010155521MAY200921MAY2009  1235856852 1220101400152   1             13.10        5.90 .                                            
          36    99999999  926012823723MAY200926MAY2009  1235881915 3240700400004   2             26.40        5.95 .                                            
          49      121040  926010451026MAY200926MAY2009  1235913793 1220101200025   1             26.70       11.60 .                                            
          79    99999999  926010187427MAY200903JUN2009  1235926178 3210200200022   2             36.00        7.05 .                                            
       12386    99999999  475010000131MAY200901JUN2009  1235963427 2220100700024   3            313.80       49.80 .                                            
       12386    99999999  475010000131MAY200901JUN2009  1235963427 2220100900029   1             31.40       12.55 .                                            
         183      120127  160010076006JUN200906JUN2009  1236017640 1220101400092   1             57.70       25.70 .                                            
           9    99999999  394010665907JUN200912JUN2009  1236028541 3230100500056   2             16.00        3.50 .                                            
          10      121136  926012939509JUN200909JUN2009  1236055696 1240800100041   1            292.50      121.75 .                                            
         908    99999999  905010002310JUN200914JUN2009  1236066649 2230100300010   1             46.70       18.75 .                                            
          36    99999999  926012823715JUN200918JUN2009  1236113431 3230100200066   2             25.80        5.45 .                                            
       26148    99999999  260010001017JUN200919JUN2009  1236128445 2240200100053   2            174.40       44.95 .                                            
          16    99999999  394010586517JUN200919JUN2009  1236128456 2230100500006   2             16.80        3.45 .                                            
          16    99999999  394010586517JUN200919JUN2009  1236128456 2230100600016   2            154.00       38.60 .                                            
          23    99999999  926012667922JUN200927JUN2009  1236183578 2240500100026   2            110.40       24.50 .                                            
          23    99999999  926012667922JUN200927JUN2009  1236183578 2240500200007   3             28.50        4.55 .                                            
          41      120131  160010152726JUN200926JUN2009  1236216065 1240200100118   1            175.50       89.55 .                                            
          92      121051  926011767608JUL200908JUL2009  1236349115 1240200100221   4            396.00       49.60 .                                            
          92      121051  926011767608JUL200908JUL2009  1236349115 1240200200024   2            250.80       12.50 .                                            
         111      120123  160010207211JUL200911JUL2009  1236369939 1240100100365   1            191.60       87.40 .                                            
         111      120123  160010207211JUL200911JUL2009  1236369939 1240100400037   1            231.00      113.65 .                                            
       70108    99999999  260010004622JUL200902AUG2009  1236483576 2240200200071   4             74.80       10.00 .                                            
           9    99999999  394010665910AUG200915AUG2009  1236673732 3230100700008   3           1542.60      250.70 .                                            
           9    99999999  394010665910AUG200915AUG2009  1236673732 3230100700011   2            550.20      113.45 .                                            
       70221    99999999  260010001912AUG200914AUG2009  1236694462 3240200100056   2             82.40       19.90 .                                            
          34      121027  926011137912AUG200912AUG2009  1236701935 1210200300052   2             43.80       11.05 .                                            
         183      120136  160010076021AUG200921AUG2009  1236783056 1240300200058   2            183.60       41.70 .                                            
         183      120136  160010076021AUG200921AUG2009  1236783056 1240300300090   3           1561.80      237.05 .                                            
         215      120170  160010272128AUG200928AUG2009  1236852196 1240600100016   1             55.30       21.90 .                                            
        3959    99999999  801010015103SEP200904SEP2009  1236923123 3240100100031   1              3.70        1.30 .                                            
       70165    99999999  260010000608SEP200918SEP2009  1236965430 3240200100050   2             27.00        6.65 .                                            
          79    99999999  926010187427SEP200908OCT2009  1237165927 3240500100057   2             76.80       17.10 .                                            
         111      120143  160010207203OCT200903OCT2009  1237218771 1230100500072   1             26.10       11.90 .                                            
         195      120124  160010166308OCT200908OCT2009  1237272696 1240100400069   2            186.60       39.95 .                                            
         195      120124  160010166308OCT200908OCT2009  1237272696 1240100400142   2            338.80       84.85 .                                            
          10      121043  926012939513OCT200913OCT2009  1237327705 1220100100298   1             52.90       26.55 .                                            
          10      121043  926012939513OCT200913OCT2009  1237327705 1220100100617   1             37.30       18.75 .                                            
        2618    99999999  801010012513OCT200918OCT2009  1237331045 3240100100366   1             16.30        7.80 .                                            
          41      120145  160010152718OCT200918OCT2009  1237370327 1230100600031   1             88.50       42.45 .                                            
         171    99999999  160010155526OCT200930OCT2009  1237450174 3220100800001   2             77.20       18.35 .                                            
         171    99999999  160010155526OCT200930OCT2009  1237450174 3220101400349   1             11.90        4.80 .                                            
         908    99999999  905010002328OCT200901NOV2009  1237478988 2230100200004   1             99.90       50.05 .                                            
        1100    99999999  905010000831OCT200902NOV2009  1237507462 2230100400025   3             51.00        6.60 .                                            
        1100    99999999  905010000831OCT200902NOV2009  1237507462 2230100700009   1            568.10      289.95 .                                            
          79      121081  926010187401NOV200901NOV2009  1237517484 1240400300013   1             54.30       22.60 .                                            
          65    99999999  394010017616NOV200922NOV2009  1237664026 3230100200004   1             99.90       50.05 .                                            
          10    99999999  926012939516NOV200921NOV2009  1237670443 2240800200034   1             74.80       34.00 .                                            
          53      120190  160010325819NOV200919NOV2009  1237695520 1220200100129   3            240.00       39.45 .                                            
          10    99999999  926012939524NOV200929NOV2009  1237751376 2240100400043   1            279.30      138.10 .                                            
          56      121027  926011187128NOV200928NOV2009  1237789102 1210200300007   1             50.40       25.30 .                                            
           9    99999999  394010665902DEC200907DEC2009  1237825036 3240400300039   2             39.20        7.90 .                                            
           5      121041  926011457008DEC200908DEC2009  1237890730 1220101400265   2             74.20       16.55 .                                            
           5      121041  926011457008DEC200908DEC2009  1237890730 1220101400387   4             50.40        5.85 .                                            
          29    99999999  160010302009DEC200914DEC2009  1237894107 2220100700027   2            119.00       29.85 .                                            
       70187    99999999  260010003509DEC200914DEC2009  1237894966 2240200100050   2             19.98        6.650.300                                         
          23    99999999  926012667912DEC200917DEC2009  1237928021 2240800100074   3            949.80      126.70 .                                            
          23    99999999  926012667912DEC200917DEC2009  1237928021 2240800200037   3            164.40       23.75 .                                            
          41      120158  160010152717DEC200917DEC2009  1237974997 1240400300013   3            162.90       22.60 .                                            
          36    99999999  926012823718DEC200921DEC2009  1237989406 3230100100018   2            318.20       67.40 .                                            
       46966    99999999  260010001121DEC200922DEC2009  1238013821 3240200200026   3            312.00       41.65 .                                            
           9    99999999  394010665925DEC200930DEC2009  1238053337 3230100700008   1            514.20      250.70 .                                            
          41    99999999  160010152706JAN201010JAN2010  1238161695 2240100100477   2             17.00        3.30 .                                            
          63      121064  926012549206JAN201006JAN2010  1238168538 1230100200073   1             46.90       20.20 .                                            
          10      121106  926012939514JAN201014JAN2010  1238231237 1240700200021   1             19.60       10.55 .                                            
          88      121039  926010017917JAN201017JAN2010  1238255107 1220100100581   1             38.70       19.45 .                                            
         215      120127  160010272120JAN201020JAN2010  1238273927 1220100700022   3            170.70       24.10 .                                            
       70210    99999999  260010001524JAN201025JAN2010  1238305578 3240200100246   1             16.20        7.90 .                                            
          52      121025  926011623525JAN201025JAN2010  1238319276 1240100100305   1              8.90        4.10 .                                            
          89      121106  926011655125JAN201025JAN2010  1238319281 1240700100007   1             22.85        9.30 .                                            
         111      120127  160010207230JAN201030JAN2010  1238353296 1220101300001   2             67.20       14.95 .                                            
         111      120127  160010207230JAN201030JAN2010  1238353296 1220101400138   3            140.10       23.45 .                                            
          31      121044  926012842831JAN201031JAN2010  1238367238 1220100800001   1             38.60       18.35 .                                            
          19    99999999  394010654701FEB201006FEB2010  1238370259 3230100600028   1             96.70       48.45 .                                            
          41      120151  160010152702FEB201002FEB2010  1238377562 1230100600016   2            154.00       38.60 .                                            
          10      121073  926012939503FEB201003FEB2010  1238393448 1230100500094   1             86.60       34.10 .                                            
          19    99999999  394010654708FEB201013FEB2010  1238426415 3230100700011   1            283.30      116.85 .                                            
          52      121042  926011623509FEB201009FEB2010  1238440880 1220100100530   1             52.20       26.20 .                                            
          50    99999999  394010578114FEB201015FEB2010  1238474357 2230100700011   2            566.60      116.85 .                                            
          71      121054  926012413018FEB201018FEB2010  1238510159 1240300200009   1             48.70       18.15 .                                            
          71      121054  926012413018FEB201018FEB2010  1238510159 1240300300024   1             54.10       23.00 .                                            
          19    99999999  394010654724FEB201001MAR2010  1238553101 3240400200091   1            217.00       90.40 .                                            
          88      121033  926010017902MAR201002MAR2010  1238605995 1210201100004   1             47.90       20.90 .                                            
          88      121023  926010017906MAR201006MAR2010  1238637449 1240100400151   1            419.00      209.45 .                                            
          12      121069  926010371307MAR201007MAR2010  1238646479 1230100200043   1             56.70       27.25 .                                            
          90      121072  926011161407MAR201007MAR2010  1238646484 1230100300013   1             24.80        5.00 .                                            
          53      120121  160010325811MAR201011MAR2010  1238674844 1240100100508   1             48.30       19.25 .                                            
          12      121051  926010371311MAR201011MAR2010  1238678581 1240200100181   1            109.30       56.60 .                                            
          12      121051  926010371311MAR201011MAR2010  1238678581 1240200200080   2            187.60        9.40 .                                            
          10      121044  926012939512MAR201012MAR2010  1238686430 1220101400201   1             40.60       18.05 .                                            
        2806    99999999  801010008913MAR201017MAR2010  1238696385 2240100100312   2             36.20        7.70 .                                            
          53      120127  160010325816MAR201016MAR2010  1238712056 1220100100185   1             97.60       48.90 .                                            
          53      120127  160010325816MAR201016MAR2010  1238712056 1220100700002   1            186.80       89.10 .                                            
         195      120177  160010166319MAR201019MAR2010  1238735750 1240700400020   2            155.60       40.50 .                                            
         928    99999999  905010001626MAR201030MAR2010  1238797437 2230100100063   2            767.80      176.05 .                                            
          52      121024  926011623527MAR201027MAR2010  1238805678 1240100100714   1             92.80       39.85 .                                            
          52      121024  926011623527MAR201027MAR2010  1238805678 1240100400006   1            229.10      113.25 .                                            
          89      121039  926011655127MAR201027MAR2010  1238805703 1220101400285   1             59.40       27.05 .                                            
       14703    99999999  475010000228MAR201031MAR2010  1238812262 2220100100309   1             96.30       48.25 .                                            
       14703    99999999  475010000228MAR201031MAR2010  1238812262 2220101400373   1             51.80       23.65 .                                            
          88      121056  926010017901APR201001APR2010  1238846184 1220200100035   1             62.60       31.40 .                                            
       70187    99999999  260010003503APR201008APR2010  1238856867 2220101000002   1             17.70        8.00 .                                            
          39      121105  926012309904APR201004APR2010  1238870441 1240700200007   1              5.10        2.20 .                                            
        3959    99999999  801010015104APR201006APR2010  1238872273 3240100100434   1             16.40        8.05 .                                            
          89      121042  926011655109APR201009APR2010  1238910092 1220100100309   2            192.60       48.25 .                                            
          89      121042  926011655109APR201009APR2010  1238910092 1220101400363   2             78.00       16.95 .                                            
         215      120172  160010272112APR201012APR2010  1238928257 1240600100181   1             37.40       16.30 .                                            
          29    99999999  160010302017APR201021APR2010  1238968334 2220100100025   1             17.40        8.80 .                                            
          29    99999999  160010302019APR201023APR2010  1238985782 2240100100703   1             79.90       34.30 .                                            
          19    99999999  394010654721APR201026APR2010  1239003827 3230100600016   1             77.00       38.60 .                                            
       70221    99999999  260010001923APR201025APR2010  1239018454 3240200100073   1             22.30       12.60 .                                            
       70221    99999999  260010001923APR201025APR2010  1239018454 3240200200068   1            313.80      159.15 .                                            
          12      121030  926010371327APR201027APR2010  1239057268 1210200500006   2             48.00       11.95 .                                            
          29    99999999  160010302012MAY201016MAY2010  1239172417 2240100100148   2             51.60       10.95 .                                            
          39    99999999  926012309912MAY201017MAY2010  1239179935 2240700300002   1             21.99        7.25 .                                            
          52      121040  926011623514MAY201014MAY2010  1239194032 1220100100192   1             27.40       13.80 .                                            
          90      121020  926011161415MAY201015MAY2010  1239201604 1240100400129   3            712.20      111.00 .                                            
          29    99999999  160010302018MAY201022MAY2010  1239220388 2240100100184   1            190.40       88.80 .                                            
          20    99999999  926011893418MAY201024MAY2010  1239226632 3220200100190   3            190.50       29.95 .                                            
          63      121087  926012549221MAY201021MAY2010  1239248786 1240500100015   3            174.30       25.80 .                                            
          63      121087  926012549221MAY201021MAY2010  1239248786 1240500200093   1             41.70       19.75 .                                            
          41      120152  160010152723MAY201023MAY2010  1239258470 1240400200003   1              6.20        3.00 .                                            
          53      120143  160010325824MAY201024MAY2010  1239266107 1230100600038   1            112.50       54.95 .                                            
          45      121075  926010484729MAY201029MAY2010  1239312711 1230100600016   3            231.00       38.60 .                                            
          45      121075  926010484729MAY201029MAY2010  1239312711 1230100700011   3            849.90      116.85 .                                            
        1100    99999999  905010000830MAY201001JUN2010  1239320891 2230100200006   3            279.30       46.65 .                                            
          52      121037  926011623502JUN201002JUN2010  1239346133 1220100100273   3            116.40       19.50 .                                            
          52      121037  926011623502JUN201002JUN2010  1239346133 1220100300042   1            208.60       84.35 .                                            
         183      120143  160010076004JUN201004JUN2010  1239353855 1230100500066   1             12.70        6.10 .                                            
          89      121105  926011655105JUN201005JUN2010  1239368476 1240700100012   3             65.97        9.10 .                                            
          52      121105  926011623510JUN201010JUN2010  1239408849 1240700100017   2             53.20       11.40 .                                            
          29    99999999  160010302011JUN201015JUN2010  1239410348 2220100800071   1             32.80       15.70 .                                            
          88      121036  926010017911JUN201011JUN2010  1239416627 1220100800040   2            248.20       59.05 .                                            
         195      120127  160010166312JUN201012JUN2010  1239418524 1220100100536   2            408.80      102.30 .                                            
          41    99999999  160010152715JUN201019JUN2010  1239442095 2210201000198   2            120.20       26.80 .                                            
       17023    99999999  260010002122JUN201027JUN2010  1239498112 3240200200044   2             97.80       19.60 .                                            
          90      121040  926011161427JUN201027JUN2010  1239543223 1220100100635   2            172.80       43.30 .                                            
          90      121040  926011161427JUN201027JUN2010  1239543223 1220101300012   2             38.60        8.75 .                                            
          45      121127  926010484706JUL201006JUL2010  1239615368 1240800200002   1            178.88       71.55 .                                            
          88      121040  926010017916JUL201016JUL2010  1239693951 1220100900035   2             83.60       19.45 .                                            
          16    99999999  394010586519JUL201020JUL2010  1239713046 2230100500058   4             66.80        7.25 .                                            
          16    99999999  394010586519JUL201020JUL2010  1239713046 2230100500082   2            252.20       58.60 .                                            
          16    99999999  394010586519JUL201020JUL2010  1239713046 2230100600031   2            177.00       42.45 .                                            
          71      121073  926012413021JUL201021JUL2010  1239735632 1230100700009   2           1136.20      289.95 .                                            
          13    99999999  394010518923JUL201028JUL2010  1239744161 2240400200003   1              6.20        3.00 .                                            
          13    99999999  394010518923JUL201028JUL2010  1239744161 2240400300035   2             38.20        7.70 .                                            
          60      121036  926010126225JUL201025JUL2010  1239765451 1220101400004   2            211.40       48.15 .                                            
          60      121036  926010126225JUL201025JUL2010  1239765451 1220101400148   2             21.00        4.75 .                                            
          65    99999999  394010017628JUL201003AUG2010  1239785436 3230100600031   4            354.00       42.45 .                                            
        1684    99999999  905010000801AUG201004AUG2010  1239821232 2230100500013   2             18.80        4.75 .                                            
       54655    99999999  260010001302AUG201005AUG2010  1239823829 2240200200081   2            214.60       10.75 .                                            
          12      121090  926010371303AUG201003AUG2010  1239836937 1240500100043   2             52.40        8.85 .                                            
          12      121042  926010371308AUG201008AUG2010  1239874523 1220101400047   2             48.40       11.10 .                                            
          16    99999999  394010586516AUG201017AUG2010  1239932984 2220200200079   2            285.80       64.85 .                                            
          16    99999999  394010586516AUG201017AUG2010  1239932984 2220200300129   5            406.00       37.05 .                                            
          52      120732  926011623519AUG201019AUG2010  1239962634 1230100500080   2             50.00       12.20 .                                            
          53    99999999  160010325821AUG201023AUG2010  1239972644 2220101400237   1            102.90       46.90 .                                            
          90      121060  926011161423AUG201023AUG2010  1239994933 1220200300082   3            213.00       32.30 .                                            
          71    99999999  926012413030AUG201005SEP2010  1240051245 3230100100028   1            250.90      104.20 .                                            
          71    99999999  926012413030AUG201005SEP2010  1240051245 3230100200022   3            359.10       56.90 .                                            
          60      121066  926010126231AUG201031AUG2010  1240060066 1230100100062   1            141.70       61.00 .                                            
         544    99999999  905010000810SEP201011SEP2010  1240137702 2230100300023   1             36.00       15.00 .                                            
       70165    99999999  260010000615SEP201016SEP2010  1240173354 3240200100225   2            306.20       77.85 .                                            
          29    99999999  160010302017SEP201021SEP2010  1240187143 2240100400100   1            154.60      116.60 .                                            
          10      121039  926012939518SEP201018SEP2010  1240201886 1220101400339   1             32.30       14.75 .                                            
          52      121051  926011623528SEP201028SEP2010  1240283215 1240200100118   1            175.50       89.55 .                                            
          52      121051  926011623528SEP201028SEP2010  1240283215 1240200100164   2            112.20       28.15 .                                            
          52      121051  926011623528SEP201028SEP2010  1240283215 1240200100227   2            323.80       75.90 .                                            
          90      121071  926011161401OCT201001OCT2010  1240306942 1230100500056   1              8.00        3.50 .                                            
          90      121071  926011161401OCT201001OCT2010  1240306942 1230100600018   1             64.20       32.20 .                                            
         908    99999999  905010002302OCT201006OCT2010  1240314947 2230100600028   1             96.70       48.45 .                                            
          17      121074  926012330602OCT201002OCT2010  1240314956 1230100500094   1             86.60       34.10 .                                            
          10      121063  926012939507OCT201007OCT2010  1240355393 1230100600022   1             84.10       42.15 .                                            
          63      120733  926012549210OCT201010OCT2010  1240379679 1230100200004   1             99.90       50.05 .                                            
          63      120733  926012549210OCT201010OCT2010  1240379679 1230100500077   1            173.00       72.75 .                                            
          89      121140  926011655111OCT201011OCT2010  1240387741 1240800200020   1            187.20       85.15 .                                            
         183      120153  160010076017OCT201017OCT2010  1240430921 1240400200093   1            155.80       64.95 .                                            
          29    99999999  160010302019OCT201023OCT2010  1240446608 2220100100553   1             35.00       17.60 .                                            
          29    99999999  160010302019OCT201023OCT2010  1240446608 2220100700046   2            305.80       72.90 .                                            
          50    99999999  394010578119OCT201020OCT2010  1240447572 2230100200056   1            270.00      125.65 .                                            
          10      121036  926012939520OCT201020OCT2010  1240461993 1220100300020   1             11.30        4.55 .                                            
          10      121036  926012939520OCT201020OCT2010  1240461993 1220100800009   1             52.50       24.95 .                                            
          10      121036  926012939520OCT201020OCT2010  1240461993 1220101400276   1             68.40       31.20 .                                            
          29    99999999  160010302024OCT201028OCT2010  1240485814 2220101400290   1             74.80       34.10 .                                            
          63      121033  926012549226OCT201026OCT2010  1240509842 1210200500007   1             39.40       17.80 .                                            
          50    99999999  394010578127OCT201028OCT2010  1240512744 2240300100046   2             28.80        7.05 .                                            
          89      121061  926011655131OCT201031OCT2010  1240549230 1220200100012   1             58.70       28.25 .                                            
          19    99999999  394010654703NOV201008NOV2010  1240568966 3220200100226   1            133.20       66.70 .                                            
         215      120192  160010272105NOV201005NOV2010  1240581932 1210201000199   3            124.20       18.85 .                                            
        2788    99999999  905010000105NOV201007NOV2010  1240588370 2230100500082   1            126.10       58.60 .                                            
          16    99999999  394010586507NOV201008NOV2010  1240599396 2230100700002   1            220.00      135.00 .                                            
          16    99999999  394010586507NOV201008NOV2010  1240599396 2230100700004   1            360.00      199.00 .                                            
          63      121071  926012549207NOV201007NOV2010  1240604971 1230100600030   1             86.30       41.40 .                                            
          20      121069  926011893408NOV201008NOV2010  1240613362 1230100100017   1            175.30       74.95 .                                            
          88      121086  926010017918NOV201018NOV2010  1240692950 1240500100039   1             34.50       15.40 .                                            
         544    99999999  905010000829NOV201030NOV2010  1240782710 2230100500066   1             12.70        6.10 .                                            
         544    99999999  905010000829NOV201030NOV2010  1240782710 2230100600005   1            129.80       63.20 .                                            
         544    99999999  905010000808DEC201009DEC2010  1240856801 2230100600028   2            193.40       48.45 .                                            
         544    99999999  905010000808DEC201009DEC2010  1240856801 2230100600039   1            124.70       59.65 .                                            
        1100    99999999  905010000810DEC201012DEC2010  1240870047 2230100100015   2            213.80       45.50 .                                            
          52      121030  926011623512DEC201012DEC2010  1240886449 1210200200023   1             19.80        8.25 .                                            
          52      121044  926011623514DEC201014DEC2010  1240903120 1220100100592   2             62.20       15.65 .                                            
          52      121044  926011623514DEC201014DEC2010  1240903120 1220100100629   4            213.20       26.75 .                                            
          16    99999999  394010586522DEC201023DEC2010  1240961599 2230100200025   4           1103.60      125.25 .                                            
          16    99999999  394010586522DEC201023DEC2010  1240961599 2230100600015   1             78.20       39.20 .                                            
          24    99999999  926011578402JAN201105JAN2011  1241054779 3240800200021   2            195.60       42.45 .                                            
          89      121135  926011655103JAN201104JAN2011  1241063739 1240800200035   6            160.80       12.15 .                                            
         171      120134  160010155504JAN201104JAN2011  1241066216 1240200100225   2            306.20       77.85 .                                            
          53    99999999  160010325806JAN201109JAN2011  1241086052 3210200500002   3             37.80        5.70 .                                            
          53      120131  160010325813JAN201113JAN2011  1241147641 1240200200091   2            362.60       72.60 .                                            
         171      120136  160010155523JAN201130JAN2011  1241235281 1240300100001   1             72.60       36.25 .                                            
         111      120164  160010207224JAN201124JAN2011  1241244297 1240500100041   2            258.20       51.70 .                                            
         111      120164  160010207224JAN201124JAN2011  1241244297 1240500200042   2             81.20       19.35 .                                            
         111      120164  160010207224JAN201124JAN2011  1241244297 1240500200101   3            358.20       49.75 .                                            
        3959    99999999  801010015125JAN201126JAN2011  1241263172 3240100400004   1            102.40       51.15 .                                            
        3959    99999999  801010015125JAN201126JAN2011  1241263172 3240100400062   1            113.20       54.00 .                                            
          27    99999999  926010567028JAN201102FEB2011  1241286432 3240800200009   2            174.40       34.90 .                                            
        2806    99999999  801010008929JAN201108FEB2011  1241298131 2240100400058   1             37.40       29.65 .                                            
          12      121043  926010371305FEB201105FEB2011  1241359997 1220100100105   1            117.60       58.90 .                                            
         171      120124  160010155507FEB201107FEB2011  1241371145 1240100400046   2            656.60      165.95 .                                            
         171      120124  160010155507FEB201107FEB2011  1241371145 1240100400085   2            129.00       30.95 .                                            
          41      120131  160010152709FEB201109FEB2011  1241390440 1240200100046   2             36.20        9.15 .                                            
          18      121042  926011236116FEB201117FEB2011  1241461856 1220100100523   1             29.40       14.80 .                                            
         171      120127  160010155528FEB201128FEB2011  1241561055 1220101400088   5            192.00       17.50 .                                            
          24    99999999  926011578406MAR201109MAR2011  1241623505 3240700400017   1             46.90       21.95 .                                            
       70100    99999999  260010001509MAR201113MAR2011  1241645664 2240200200020   1            150.10       14.00 .                                            
          27    99999999  926010567009MAR201114MAR2011  1241652707 3240700400017   3            140.70       21.95 .                                            
          10      121040  926012939513MAR201119MAR2011  1241686210 1220100100235   1             32.60       16.40 .                                            
          92      121106  926011767616MAR201116MAR2011  1241715610 1240700200019   1             16.90        8.60 .                                            
          31      121025  926012842818MAR201118MAR2011  1241731828 1240100100410   1             22.70       10.40 .                                            
          31      121025  926012842818MAR201118MAR2011  1241731828 1240100100665   1             41.50       17.25 .                                            
       17023    99999999  260010002125MAR201130MAR2011  1241789227 3240200100211   1            121.00       60.65 .                                            
          56      121051  926011187105APR201109APR2011  1241895594 1240200100034   2             24.40        4.45 .                                            
          56      121051  926011187105APR201109APR2011  1241895594 1240200100050   1             13.50        6.65 .                                            
       46966    99999999  260010001107APR201108APR2011  1241909303 3240200200081   1            107.30       10.75 .                                            
          27    99999999  926010567009APR201114APR2011  1241930625 3220200100012   1             58.70       28.25 .                                            
          27    99999999  926010567009APR201114APR2011  1241930625 3220200100171   1             56.30       31.05 .                                            
          27    99999999  926010567009APR201114APR2011  1241930625 3220200200014   1             90.00       40.90 .                                            
         171      120152  160010155515APR201115APR2011  1241977403 1240400300035   1             19.10        7.70 .                                            
          10      121040  926012939518APR201118APR2011  1242012259 1220100300037   2            231.60       48.70 .                                            
          10      121040  926012939518APR201118APR2011  1242012259 1220101400032   2             19.20        4.85 .                                            
          45      121040  926010484718APR201118APR2011  1242012269 1220100300019   4            142.40       16.70 .                                            
          45      121040  926010484718APR201118APR2011  1242012269 1220101400216   3             73.80       11.30 .                                            
         183      120132  160010076021APR201121APR2011  1242035131 1240200200061   1            147.10       58.85 .                                            
          31    99999999  926012842825APR201129APR2011  1242076538 3220200200022   1             57.30       33.90 .                                            
          92      121086  926011767601MAY201101MAY2011  1242130888 1240500100017   3            160.50       23.75 .                                            
           5    99999999  926011457002MAY201107MAY2011  1242140006 3240100100159   1             31.40       13.90 .                                            
          90    99999999  926011161402MAY201104MAY2011  1242140009 2240100100434   1             16.40        8.05 .                                            
          90    99999999  926011161402MAY201104MAY2011  1242140009 2240100400128   1            192.40       89.90 .                                            
          90      121032  926011161403MAY201103MAY2011  1242149082 1210200300006   1             14.30        7.70 .                                            
          90      121032  926011161403MAY201103MAY2011  1242149082 1210200900033   4             56.80        6.45 .                                            
           5    99999999  926011457004MAY201109MAY2011  1242159212 3230100200029   2            446.60      101.65 .                                            
        2550    99999999  801010000904MAY201109MAY2011  1242161468 3240100100232   3              9.60        1.30 .                                            
        2550    99999999  801010000904MAY201109MAY2011  1242161468 3240100400080   1            222.00      110.95 .                                            
       46966    99999999  260010001105MAY201106MAY2011  1242162201 3240200100053   2            174.40       44.95 .                                            
        1033    99999999  905010000106MAY201110MAY2011  1242173926 3230100600026   3            355.80       59.40 .                                            
          41      120136  160010152708MAY201108MAY2011  1242185055 1240300100049   1             19.90        8.90 .                                            
       70079    99999999  260010003911MAY201114MAY2011  1242214574 3240200100230   2             29.40        6.65 .                                            
         171      120127  160010155513MAY201113MAY2011  1242229985 1220100100189   2            189.40       47.45 .                                            
       70187    99999999  260010003516MAY201121MAY2011  1242259863 2240200100157   2            706.20      196.15 .                                            
          10      121105  926012939516MAY201116MAY2011  1242265757 1240700100004   3             79.80       13.75 .                                            
          27    99999999  926010567005JUN201110JUN2011  1242449327 3240100100679   2             91.60       19.50 .                                            
          10      121071  926012939506JUN201106JUN2011  1242458099 1230100400007   1             12.20        4.90 .                                            
          34    99999999  926011137907JUN201113JUN2011  1242467585 3240100100690   2            403.00       86.10 .                                            
          34    99999999  926011137907JUN201113JUN2011  1242467585 3240100100737   5            239.50       20.65 .                                            
          31    99999999  926012842808JUN201112JUN2011  1242477751 3220200200036   2            120.40       27.40 .                                            
          31    99999999  926012842808JUN201112JUN2011  1242477751 3220200200077   2            277.60       63.15 .                                            
           5      121056  926011457010JUN201110JUN2011  1242493791 1220200100009   2            126.80       30.50 .                                            
          31      121067  926012842811JUN201111JUN2011  1242502670 1230100500056   2             16.00        3.50 .                                            
          31      121067  926012842811JUN201111JUN2011  1242502670 1230100500087   2            195.00       40.55 .                                            
       17023    99999999  260010002113JUN201118JUN2011  1242515373 3240200100057   4            168.00       20.25 .                                            
       70165    99999999  260010000615JUN201122JUN2011  1242534503 3240200100118   4            702.00       89.55 .                                            
          89    99999999  926011655117JUN201121JUN2011  1242557584 2240500200083   2            134.60       28.00 .                                            
         171      120130  160010155518JUN201118JUN2011  1242559569 1220100700023   1             73.99       44.250.300                                         
        2806    99999999  801010008918JUN201122JUN2011  1242568696 2240100100029   2            239.00       51.70 .                                            
        2806    99999999  801010008918JUN201122JUN2011  1242568696 2240100400098   3            755.40      125.85 .                                            
       70100    99999999  260010001520JUN201124JUN2011  1242578860 2240200100173   4           1937.20      247.70 .                                            
          12      121037  926010371323JUN201123JUN2011  1242610991 1220101400047   2             48.40       11.10 .                                            
          45      121109  926010484727JUN201127JUN2011  1242647539 1240700200009   2             56.00       11.35 .                                            
          90      121037  926011161428JUN201128JUN2011  1242657273 1220100100410   3             33.60        5.70 .                                            
          90    99999999  926011161402JUL201104JUL2011  1242691897 2240500100062   2            110.20       24.05 .                                            
          10      121107  926012939507JUL201107JUL2011  1242736731 1240700200010   3             80.70       10.30 .                                            
          24    99999999  926011578411JUL201114JUL2011  1242773202 3240600100185   2             70.20       15.60 .                                            
          27    99999999  926010567012JUL201117JUL2011  1242782701 3240500200081   3            403.50       56.05 .                                            
          10      121105  926012939517JUL201117JUL2011  1242827683 1240700300002   1             21.99        7.25 .                                            
          10      121027  926012939518JUL201118JUL2011  1242836878 1210201000067   2             60.60       13.50 .                                            
          41      120195  160010152719JUL201119JUL2011  1242838815 1210200500007   1             39.40       17.80 .                                            
          41      120195  160010152719JUL201119JUL2011  1242838815 1210200600056   1             50.40       22.75 .                                            
        2806    99999999  801010008919JUL201123JUL2011  1242848557 2240100100312   3             54.30        7.70 .                                            
       70165    99999999  260010000628JUL201129JUL2011  1242923327 3240200100081   2             16.60        3.65 .                                            
         171      120124  160010155530JUL201130JUL2011  1242938120 1240100200004   1             35.20       14.80 .                                            
          65    99999999  394010017603AUG201107AUG2011  1242977743 2240400200012   2            351.40       75.95 .                                            
        2806    99999999  801010008906AUG201110AUG2011  1243012144 2240100100615   2             25.80        5.45 .                                            
        2806    99999999  801010008906AUG201110AUG2011  1243012144 2240100400083   2            219.00       54.70 .                                            
          10      120733  926012939508AUG201108AUG2011  1243026971 1230100500082   2            252.20       58.60 .                                            
          41      120143  160010152710AUG201110AUG2011  1243039354 1230100600003   1             17.60        7.75 .                                            
          53    99999999  160010325811AUG201114AUG2011  1243049938 3220100300001   2            180.40       38.30 .                                            
          10      121032  926012939517AUG201117AUG2011  1243110343 1210200600067   2            134.00       28.90 .                                            
          10      121032  926012939517AUG201117AUG2011  1243110343 1210200900038   3             60.90        9.30 .                                            
         171      120159  160010155520AUG201120AUG2011  1243127549 1240400300035   1             19.10        7.70 .                                            
          45      120734  926010484722AUG201123AUG2011  1243152030 1230100400010   1             40.20       16.85 .                                            
          90      121089  926011161422AUG201122AUG2011  1243152039 1240500200003   2             47.60       11.40 .                                            
       70201    99999999  260010001224AUG201129AUG2011  1243165497 3240200100052   2            201.20       51.90 .                                            
       70201    99999999  260010001224AUG201129AUG2011  1243165497 3240200100116   3            658.50      124.90 .                                            
       70201    99999999  260010001224AUG201129AUG2011  1243165497 3240200100207   2            215.80       53.35 .                                            
          10      121061  926012939527AUG201127AUG2011  1243198099 1220200200018   3            199.20       30.25 .                                            
          10      121061  926012939527AUG201127AUG2011  1243198099 1220200300154   3            256.20       39.80 .                                            
         171      120141  160010155531AUG201110SEP2011  1243227745 1230100500004   2              6.40        1.35 .                                            
         928    99999999  905010001604SEP201108SEP2011  1243269405 2230100600030   1             86.30       41.40 .                                            
          27    99999999  926010567005SEP201110SEP2011  1243279343 3240500200082   2             78.40       16.45 .                                            
          31      121057  926012842806SEP201106SEP2011  1243290080 1220200100137   1             50.30       25.25 .                                            
          45      121065  926010484706SEP201106SEP2011  1243290089 1230100600015   1             78.20       39.20 .                                            
           5      121026  926011457009SEP201109SEP2011  1243315613 1210200500016   1             52.50       22.25 .                                            
          12      121051  926010371318SEP201118SEP2011  1243398628 1240200100053   1             87.20       44.95 .                                            
          69      121029  926011640220SEP201120SEP2011  1243417726 1210200700016   1             23.50        9.20 .                                            
          24    99999999  926011578425SEP201128SEP2011  1243462945 3240600100102   1             46.10       19.70 .                                            
          41      120195  160010152726SEP201126SEP2011  1243465031 1210200600067   2            134.00       28.90 .                                            
          11    99999999  394010859228SEP201102OCT2011  1243485097 3220200100002   2             78.20       19.65 .                                            
          89      121024  926011655101OCT201101OCT2011  1243515588 1240100400098   1            251.80      125.85 .                                            
          89      121024  926011655101OCT201101OCT2011  1243515588 1240100400125   1            114.20       44.60 .                                            
          31      121060  926012842807OCT201107OCT2011  1243568955 1220200300096   1            172.50       78.50 .                                            
         171      120138  160010155516OCT201116OCT2011  1243643970 1220200200035   1            101.50       46.25 .                                            
       70079    99999999  260010003916OCT201119OCT2011  1243644877 3240200100098   1             14.60        6.75 .                                            
          41      120124  160010152718OCT201118OCT2011  1243661763 1240100100463   2             29.40        6.05 .                                            
          69      121065  926011640218OCT201118OCT2011  1243670182 1230100500004   1              3.20        1.35 .                                            
          31      121061  926012842819OCT201119OCT2011  1243680376 1220200100190   1             63.50       29.95 .                                            
          10      121053  926012939501NOV201101NOV2011  1243797399 1240300100028   2           1066.40      251.35 .                                            
          10      121053  926012939501NOV201101NOV2011  1243797399 1240300300065   1            321.50      146.35 .                                            
          41      120128  160010152702NOV201102NOV2011  1243799681 1220100100354   1             17.00        8.45 .                                            
          41      120128  160010152702NOV201102NOV2011  1243799681 1220100800096   3            222.30       35.30 .                                            
          10      120732  926012939503NOV201103NOV2011  1243815198 1230100500092   4            471.20       49.05 .                                            
          10      120732  926012939503NOV201103NOV2011  1243815198 1230100500096   1             35.50       17.25 .                                            
         171      120127  160010155504NOV201104NOV2011  1243817278 1220101400328   1             19.00        8.85 .                                            
         908    99999999  905010002311NOV201115NOV2011  1243887390 2230100700008   1            519.30      253.20 .                                            
          34      121068  926011137918NOV201118NOV2011  1243951648 1230100600030   1             86.30       41.40 .                                            
          90      121028  926011161419NOV201119NOV2011  1243960910 1210200100009   2             69.40       15.50 .                                            
         215      120175  160010272120NOV201120NOV2011  1243963366 1240600100080   2             60.80        9.20 .                                            
         171      120124  160010155523NOV201123NOV2011  1243991721 1240100100354   1             29.90       14.30 .                                            
       70187    99999999  260010003523NOV201128NOV2011  1243992813 2220100100421   1              8.20        4.15 .                                            
        2806    99999999  801010008930NOV201104DEC2011  1244066194 2240100100159   1             31.40       13.90 .                                            
        2806    99999999  801010008930NOV201104DEC2011  1244066194 2240100100605   3            144.60       20.75 .                                            
       14104    99999999  475010000103DEC201106DEC2011  1244086685 3220100100516   2             80.40       20.20 .                                            
       14104    99999999  475010000103DEC201106DEC2011  1244086685 3220100100631   2            114.20       28.65 .                                            
          45      121107  926010484705DEC201105DEC2011  1244107612 1240700100001   5            118.00       12.30 .                                            
          45      121107  926010484705DEC201105DEC2011  1244107612 1240700400031   2            126.00       31.60 .                                            
          45      121109  926010484706DEC201106DEC2011  1244117101 1240700100007   2             45.70        9.30 .                                            
          45      121109  926010484706DEC201106DEC2011  1244117101 1240700100017   2             19.98       11.400.400                                         
          49      121117  926010451006DEC201106DEC2011  1244117109 1240700400003   2             24.80        5.60 .                                            
          31      121121  926012842812DEC201112DEC2011  1244171290 1240800100042   3            760.80      105.30 .                                            
          10      121092  926012939513DEC201113DEC2011  1244181114 1240500200016   3             95.10       14.50 .                                            
          10      121092  926012939513DEC201113DEC2011  1244181114 1240500200122   2             48.20       11.50 .                                            
          89      121118  926011655115DEC201115DEC2011  1244197366 1240700200018   4             75.20       10.30 .                                            
           5      121040  926011457026DEC201126DEC2011  1244296274 1220101400130   2             33.80        5.70 .                                            
